Joint names:
  - linear_joint
  - pan_joint
  - tilt_joint
  - mid_body_joint
  - right_shoulder_pan_joint
  - right_shoulder_lift_joint
  - right_arm_half_joint
  - right_elbow_joint
  - right_wrist_spherical_1_joint
  - right_wrist_spherical_2_joint
  - right_wrist_3_joint
  - left_shoulder_pan_joint
  - left_shoulder_lift_joint
  - left_arm_half_joint
  - left_elbow_joint
  - left_wrist_spherical_1_joint
  - left_wrist_spherical_2_joint
  - left_wrist_3_joint
  - right_gripper_finger1_joint
  - right_gripper_finger2_joint
  - right_gripper_finger3_joint
  - left_gripper_finger1_joint
  - left_gripper_finger2_joint
  - left_gripper_finger3_joint

Pickplace sequence 1
- Grasp approach pose: position: [0.4600054621696472, 0.0037236318457871675, 0.0024194817524403334, 0.2300027310848236, -0.3159888570278646, -1.2308199783545257, -2.60615133325613, 1.7161905412433365, -3.0146821086870474, -2.003399947951259, -2.004291574284218, 1.1600183760361693, 1.6499406807020893, 2.8701195994470403, -2.079970556401972, 2.5600165947443605, 0.501053252758015, 0.949831116741783, 0.0, 0.0, 0.0, 0.0, 0.0, 0.0]
- Grasp pose: position: [0.4600054621696472, 0.003721234854310751, 0.0024194817524403334, 0.2300027310848236, -0.2421702926686109, -1.3279858102002302, -2.6549063559644286, 1.4774876843140083, -3.049132494232204, -1.8005401766591438, -2.0298913434206587, 1.1600166449814608, 1.6498421437417565, 2.8697116031680405, -2.0797336682230094, 2.5600141978993793, 0.501050589596925, 0.949831116741783, 0.0, 0.0, 0.0, 0.0, 0.0, 0.0]
- Close gripper: position: [0.4600054621696472, 0.003721234854310751, 0.0024194817524403334, 0.2300027310848236, -0.24218041268075297, -1.3279806170361046, -2.6549010296422484, 1.4774908801073163, -3.0491300973872235, -1.8005500303551771, -2.0298814897246253, 1.1600166449814608, 1.6498421437417565, 2.8697116031680405, -2.079728541637911, 2.5600141978993793, 0.5010481927519439, 0.949831116741783, 0.8907163779515354, 0.8907163779515354, 0.8907163779515354, 0.0, 0.0, 0.0]
- Retreat pose: position: [0.4600054621696472, 0.003721234854310751, 0.0024170849937945604, 0.2300027310848236, -0.2489688102993668, -1.1898593623666165, -2.682003221107658, 1.8454864795344657, -3.060067966300288, -2.003471853300691, -1.9422827977789217, 1.1600166449814608, 1.6498405458451024, 2.8696764494416502, -2.079725146107521, 2.5600141978993793, 0.5010481927519439, 0.949831116741783, 0.8907163779515354, 0.8907163779515354, 0.8907163779515354, 0.0, 0.0, 0.0]
- Switch point: position: [0.4600054621696472, 0.003721234854310751, 0.0024170849937945604, 0.2300027310848236, -0.9194105599791076, -1.262915996337997, -2.8384487551315996, 1.4126072212052798, -2.30566686746249, 1.247590569529027, -1.4948339177581305, -0.13141286007449793, 1.0485709433707515, 2.605398191299855, -1.6650031203534141, 0.41837112236924723, 1.1185004935901612, -2.2585523519856796, 0.8907163779515354, 0.8907163779515354, 0.8907163779515354, 0.0, 0.0, 0.0]
- Left to switch point: position: [0.4600054621696472, 0.003721234854310751, 0.0024170849937945604, 0.2300027310848236, -0.9192864566723102, -1.2629211895021228, -2.838430113003969, 1.4126072212052798, -2.30566686746249, 1.247590569529027, -1.4948339177581305, -0.07759228859102985, 0.9187740644785787, 2.6657518131876667, -1.8012258074817846, 0.4834565157238573, 0.835467189787592, -2.3086139215247714, 0.8907163779515354, 0.8907163779515354, 0.8907163779515354, 0.0, 0.0, 0.0]
- Close left gripper: position: [0.4600054621696472, 0.003721234854310751, 0.0024170849937945604, 0.2300027310848236, -0.9192864566723102, -1.2629211895021228, -2.838430113003969, 1.4126072212052798, -2.30566686746249, 1.247590569529027, -1.4948339177581305, -0.07759399467860328, 0.9187775265879958, 2.6657486173943585, -1.8012172853662964, 0.48345155558632724, 0.8354719834775541, -2.308606997305937, 0.8907163779515354, 0.8907163779515354, 0.8907163779515354, 0.8907163779515354, 0.8907163779515354, 0.8907163779515354]
- Open right gripper: [0.4600054621696472, 0.003721234854310751, 0.0024170849937945604, 0.2300027310848236, -0.9192864566723102, -1.2629211895021228, -2.838430113003969, 1.4126072212052798, -2.30566686746249, 1.247590569529027, -1.494836447761166, -0.07759570076617672, 0.9187791244846498, 2.6657486173943585, -1.8012155543115878, 0.48345155558632724, 0.8354719834775541, -2.308604334144847, 0.0, 0.0, 0.0, 0.8907163779515354, 0.8907163779515354, 0.8907163779515354]
- Right relax, left retreat: position: [0.4600054621696472, 0.003721234854310751, 0.0024170849937945604, 0.2300027310848236, -1.1601486046134752, -1.6505223150841628, -2.870227723787297, 2.0801152326281906, -2.560090630622664, -0.4996204720915524, -0.9501945716515516, -0.009502291927457218, 1.1397815475448754, 2.703049916886446, -1.6259617114050704, 0.20649460335066694, 1.1321358783713669, -2.0621534094980967, 0.0, 0.0, 0.0, 0.8907163779515354, 0.8907163779515354, 0.8907163779515354]
- Left place: position: [0.4600054621696472, 0.003716174978762865, 0.0024170849937945604, 0.2300027310848236, -1.1601278319569719, -1.650496748737698, -2.870212277452975, 2.0801067105127022, -2.5600831737716128, -0.4996103520794101, -0.95019703507556, -1.1926140030401398, 0.914010201920645, 2.366484412012193, -1.8306884917793858, 1.1092066605970299, -1.1613952303197406, -0.4384567498896521, 0.0, 0.0, 0.0, 0.8907163779515354, 0.8907163779515354, 0.8907163779515354]
- Left place pose: position: [0.4600054621696472, 0.003716174978762865, 0.0024170849937945604, 0.2300027310848236, -1.16009054770171, -1.6504932866282809, -2.870200559544178, 2.080105112616048, -2.5600807769266307, -0.4996079552344291, -0.95019703507556, -0.8706313690839167, 0.8203947632821795, 2.0736304353738486, -1.6469584729134186, 0.9808902329548319, -1.1351681535885312, -0.3357575350890354, 0.0, 0.0, 0.0, 0.8907163779515354, 0.8907163779515354, 0.8907163779515354]
- Left open gripper: position: [0.4600054621696472, 0.003716174978762865, 0.0024170849937945604, 0.2300027310848236, -1.16009054770171, -1.6504932866282809, -2.870200559544178, 2.080105112616048, -2.5600807769266307, -0.499605558389448, -0.95019703507556, -0.8706331001386252, 0.8203963611788336, 2.073635229063809, -1.646966995028907, 0.9808951598028486, -1.1351732135946022, -0.33576249522656587, 0.0, 0.0, 0.0, 0.0, 0.0, 0.0]
- Retreat both (should be the same as starting): position: [0.4600054621696472, 0.003713778220117092, 0.0024146882351487875, 0.2300027310848236, -1.1600154465589707, -1.6503706480600826, -2.869987506656972, 2.0801019168227404, -2.5600783800816505, -0.4996028952283579, -0.95019703507556, 1.1606575346977888, 1.6502544010785007, 2.870231452212824, -2.080359178184042, 2.560170259139258, 0.5010356758948206, 0.9503096202106427, 0.0, 0.0, 0.0, 0.0, 0.0, 0.0]

Pickplace sequence 2
- Grasp approach pose: position: [0.45989447832107544, 0.003634415799751878, 0.002360093407332897, 0.22994723916053772, -0.3224246521181495, -1.69977162049078, -2.48825638759163, 2.167514853282411, -2.718719956740471, -2.0034223185044158, -1.9959640027135943, 1.1608006796063801, 1.650124971449523, 2.8711465143633745, -2.0803506560685534, 2.5602248539416044, 0.4999373882612719, 0.9496724589198413, 0.0, 0.0, 0.0, 0.0008499202079690222, 0.0008499202079690222, 0.0008499202079690222]
-